79
78
81
82
79
80
81
82
70
71
72
72
73
73
74
75
79
80
81
82
11
12
13
13
79
80
81
82
52
53
54
79
80
81
82
21
22
23
24
24
79
80
81
82
57
59
58
79
78
81
82
79
80
81
82
57
59
58
79
80
81
82
60
61
62
63
65
66
64
67
68
69
79
78
81
82
83
1.64
1.88
1.61
1.42
1.64
1.88
1.61
1.42
1.88
1.61
1.76
1.76
1.88
1.88
1.61
1.46
1.64
1.88
1.61
1.42
1.88
1.61
1.42
1.42
1.64
1.88
1.61
1.42
1.88
1.88
1.88
1.64
1.88
1.61
1.42
1.88
1.88
1.61
1.42
1.42
1.64
1.88
1.61
1.42
1.88
1.88
1.46
1.64
1.88
1.61
1.42
1.64
1.88
1.61
1.42
1.88
1.88
1.46
1.64
1.88
1.61
1.42
1.88
1.61
1.76
1.61
1.61
1.76
1.64
1.76
1.76
1.76
1.64
1.88
1.61
1.42
1.42
